Small example to load data with AssimpNET and dump some of the information.


RootNode
	Root
		Pelvis
			Spine
				Spine1
					Spine2
						Spine3
							Neck
								Head
									L_eye_joint1_$AssimpFbx$_Translation
										L_eye_joint1_$AssimpFbx$_PreRotation
											L_eye_joint1_$AssimpFbx$_Rotation
												L_eye_joint1
									R_eye_joint_$AssimpFbx$_Translation
										R_eye_joint_$AssimpFbx$_PreRotation
											R_eye_joint_$AssimpFbx$_Rotation
												R_eye_joint
									L_eyeBall_joint2
									R_eyeBall_joint
								L_Clavicle
									L_UpperArm
										L_Forearm
											L_Hand
												L_Thumb1
													L_Thumb2
														L_Thumb3
												L_Index1
													L_Index2
														L_Index3
												L_Middle1
													L_Middle2
														L_Middle3
												L_Ring1
													L_Ring2
														L_Ring3
												L_Pinky1
													L_Pinky2
														L_Pinky3
								R_Clavicle
									R_UpperArm
										R_Forearm
											R_Hand
												R_Thumb1
													R_Thumb2
														R_Thumb3
												R_Index1
													R_Index2
														R_Index3
												R_Middle1
													R_Middle2
														R_Middle3
												R_Ring1
													R_Ring2
														R_Ring3
												R_Pinky1
													R_Pinky2
														R_Pinky3
				L_Thigh1
					L_Knee2
						L_Ankle1
							L_Ball
				R_Thigh
					R_Knee
						R_Ankle
							R_Ball
	him
RootNode
  transform: {[A1:1 A2:0 A3:0 A4:0] [B1:0 B2:1 B3:0 B4:0] [C1:0 C2:0 C3:1 C4:0] [D1:0 D2:0 D3:0 D4:1]}
  nChilds: 2
  nMeshes: 0 : 


Root
  transform: {[A1:1.3868E-06 A2:1 A3:4.371139E-08 A4:0.03756338] [B1:0 B2:-4.371139E-08 B3:1 B4:37.46099] [C1:1 C2:-1.3868E-06 C3:-6.061896E-14 C4:2.230549] [D1:0 D2:0 D3:0 D4:1]}
  nChilds: 1
  nMeshes: 0 : 


Pelvis
  transform: {[A1:-0.04061271 A2:-0.9890928 A3:-0.1415841 A4:-0.777211] [B1:-0.03668093 B2:0.1430814 B3:-0.989031 B4:1.133188] [C1:0.9985014 C2:-0.03497379 C3:-0.04209176 C4:0.6569802] [D1:0 D2:0 D3:0 D4:1]}
  nChilds: 1
  nMeshes: 0 : 


Spine
  transform: {[A1:0.9954988 A2:0.09477359 A3:-1.114112E-06 A4:3.786006] [B1:-0.09477359 B2:0.9954988 B3:4.143805E-06 B4:-0.003599811] [C1:1.501821E-06 C2:-4.019565E-06 C3:1 C4:5.107311E-06] [D1:0 D2:0 D3:0 D4:1]}
  nChilds: 3
  nMeshes: 0 : 


Spine1
  transform: {[A1:0.9947635 A2:0.1011266 A3:-0.01480123 A4:4.543316] [B1:-0.1017528 B2:0.9935247 B3:-0.05054824 B4:-0.003599534] [C1:0.009593613 C2:0.05178961 C3:0.9986119 C4:-1.335034E-07] [D1:0 D2:0 D3:0 D4:1]}
  nChilds: 1
  nMeshes: 0 : 


Spine2
  transform: {[A1:0.9950965 A2:-0.09304091 A3:0.03355964 A4:4.54405] [B1:0.09451734 B2:0.9944839 B3:-0.04547716 B4:-0.003599532] [C1:-0.02914328 C2:0.04842613 C3:0.9984015 C4:6.194963E-08] [D1:0 D2:0 D3:0 D4:1]}
  nChilds: 1
  nMeshes: 0 : 


Spine3
  transform: {[A1:0.998041 A2:-0.05543006 A3:0.02901615 A4:4.54396] [B1:0.05679635 B2:0.9972025 B3:-0.04859699 B4:-0.004398955] [C1:-0.02624124 C2:0.0501498 C3:0.9983969 C4:2.220521E-07] [D1:0 D2:0 D3:0 D4:1]}
  nChilds: 1
  nMeshes: 0 : 


Neck
  transform: {[A1:0.876563 A2:-0.4805865 A3:-0.02595706 A4:5.536252] [B1:0.4800877 B2:0.8693009 B3:0.117608 B4:-0.002882466] [C1:-0.03395631 C2:-0.1155525 C3:0.9927208 C4:5.17476E-08] [D1:0 D2:0 D3:0 D4:1]}
  nChilds: 3
  nMeshes: 0 : 


Head
  transform: {[A1:0.945788 A2:0.3239543 A3:-0.02321543 A4:3.953896] [B1:-0.3243895 B2:0.9457465 B3:-0.01830927 B4:1.090858E-06] [C1:0.01602454 C2:0.02484753 C3:0.9995629 C4:9.73389E-08] [D1:0 D2:0 D3:0 D4:1]}
  nChilds: 4
  nMeshes: 0 : 


L_eye_joint1_$AssimpFbx$_Translation
  transform: {[A1:1 A2:0 A3:0 A4:4.220695] [B1:0 B2:1 B3:0 B4:1.406053] [C1:0 C2:0 C3:1 C4:1.394846] [D1:0 D2:0 D3:0 D4:1]}
  nChilds: 1
  nMeshes: 0 : 


L_eye_joint1_$AssimpFbx$_PreRotation
  transform: {[A1:-2.001888E-09 A2:-4.586553E-11 A3:-1 A4:0] [B1:-0.04579785 B2:0.9989507 B3:4.586553E-11 B4:0] [C1:0.9989507 C2:0.04579785 C3:-2.001888E-09 C4:0] [D1:0 D2:0 D3:0 D4:1]}
  nChilds: 1
  nMeshes: 0 : 


L_eye_joint1_$AssimpFbx$_Rotation
  transform: {[A1:1 A2:0 A3:0 A4:0] [B1:0 B2:0.9983742 B3:-0.05699909 B4:0] [C1:0 C2:0.05699909 C3:0.9983742 C4:0] [D1:0 D2:0 D3:0 D4:1]}
  nChilds: 1
  nMeshes: 0 : 


L_eye_joint1
  transform: {[A1:1 A2:0 A3:0 A4:0] [B1:0 B2:1 B3:0 B4:0] [C1:0 C2:0 C3:1 C4:0] [D1:0 D2:0 D3:0 D4:1]}
  nChilds: 0
  nMeshes: 0 : 


R_eye_joint_$AssimpFbx$_Translation
  transform: {[A1:1 A2:0 A3:0 A4:4.296264] [B1:0 B2:1 B3:0 B4:1.333193] [C1:0 C2:0 C3:1 C4:-1.066092] [D1:0 D2:0 D3:0 D4:1]}
  nChilds: 1
  nMeshes: 0 : 


R_eye_joint_$AssimpFbx$_PreRotation
  transform: {[A1:-2.001888E-09 A2:-4.586553E-11 A3:-1 A4:0] [B1:-0.04579785 B2:0.9989507 B3:4.586553E-11 B4:0] [C1:0.9989507 C2:0.04579785 C3:-2.001888E-09 C4:0] [D1:0 D2:0 D3:0 D4:1]}
  nChilds: 1
  nMeshes: 0 : 


R_eye_joint_$AssimpFbx$_Rotation
  transform: {[A1:1 A2:0 A3:0 A4:0] [B1:0 B2:0.9983742 B3:-0.05699909 B4:0] [C1:0 C2:0.05699909 C3:0.9983742 C4:0] [D1:0 D2:0 D3:0 D4:1]}
  nChilds: 1
  nMeshes: 0 : 


R_eye_joint
  transform: {[A1:1 A2:0 A3:0 A4:0] [B1:0 B2:1 B3:0 B4:0] [C1:0 C2:0 C3:1 C4:0] [D1:0 D2:0 D3:0 D4:1]}
  nChilds: 0
  nMeshes: 0 : 


L_eyeBall_joint2
  transform: {[A1:1 A2:-9.369906E-05 A3:1.765405E-06 A4:4.4826] [B1:9.371569E-05 B2:0.9998226 B3:-0.01883788 B4:3.24794] [C1:0 C2:0.01883788 C3:0.9998226 C4:1.274591] [D1:0 D2:0 D3:0 D4:1]}
  nChilds: 0
  nMeshes: 0 : 


R_eyeBall_joint
  transform: {[A1:0.9999856 A2:-0.005256451 A3:0.001145206 A4:4.57701] [B1:0.005262217 B2:0.9999732 B3:-0.005091527 B4:3.107063] [C1:-0.001118412 C2:0.005097479 C3:0.9999864 C4:-1.207679] [D1:0 D2:0 D3:0 D4:1]}
  nChilds: 0
  nMeshes: 0 : 


L_Clavicle
  transform: {[A1:-0.1541622 A2:-0.4032666 A3:0.9020033 A4:-0.3079619] [B1:0.06793477 B2:-0.9150825 B3:-0.3975032 B4:-0.7705945] [C1:0.9857073 C2:-2.565709E-06 C3:0.1684669 C4:1.223297] [D1:0 D2:0 D3:0 D4:1]}
  nChilds: 1
  nMeshes: 0 : 


L_UpperArm
  transform: {[A1:0.3696505 A2:-0.545094 A3:0.7524833 A4:6.71029] [B1:0.3294142 B2:0.8341218 B3:0.4424106 B4:0.8448191] [C1:-0.868818 C2:0.08434134 C3:0.4878952 C4:0.03205464] [D1:0 D2:0 D3:0 D4:1]}
  nChilds: 1
  nMeshes: 0 : 


L_Forearm
  transform: {[A1:0.9295228 A2:0.3510719 A3:0.1128535 A4:13.14218] [B1:-0.2195925 B2:0.7728128 B3:-0.5954322 B4:-1.001443E-09] [C1:-0.2962541 C2:0.528686 C3:0.7954399 C4:-3.490964E-07] [D1:0 D2:0 D3:0 D4:1]}
  nChilds: 1
  nMeshes: 0 : 


L_Hand
  transform: {[A1:0.9975855 A2:-0.05008171 A3:-0.0481143 A4:10.82555] [B1:0.05448927 B2:0.1348844 B3:0.989362 B4:5.22715E-07] [C1:-0.04305907 C2:-0.9895949 C3:0.1372877 C4:9.902142E-07] [D1:0 D2:0 D3:0 D4:1]}
  nChilds: 5
  nMeshes: 0 : 


L_Thumb1
  transform: {[A1:0.8060812 A2:0.5885898 A3:0.06160431 A4:1.625108] [B1:0.2925707 B2:-0.3058523 B3:-0.9060115 B4:0.6266304] [C1:-0.5144273 C2:0.7483425 C3:-0.4187459 C4:-1.67876] [D1:0 D2:0 D3:0 D4:1]}
  nChilds: 1
  nMeshes: 0 : 


L_Thumb2
  transform: {[A1:0.9518438 A2:-0.3065834 A3:1.520042E-08 A4:1.140432] [B1:0.3065834 B2:0.9518438 B3:-4.719246E-08 B4:2.859366E-06] [C1:0 C2:4.958004E-08 C3:1 C4:-1.814259E-06] [D1:0 D2:0 D3:0 D4:1]}
  nChilds: 1
  nMeshes: 0 : 


L_Thumb3
  transform: {[A1:0.9877811 A2:-0.1558476 A3:-7.583599E-08 A4:1.382469] [B1:0.1558476 B2:0.9877811 B3:1.220909E-07 B4:-7.175602E-07] [C1:5.588178E-08 C2:-1.324179E-07 C3:1 C4:3.671668E-06] [D1:0 D2:0 D3:0 D4:1]}
  nChilds: 0
  nMeshes: 0 : 


L_Index1
  transform: {[A1:0.9972324 A2:-0.06093453 A3:0.04259732 A4:4.348744] [B1:0.06843778 B2:0.9762146 B3:-0.2057218 B4:0.01625332] [C1:-0.02904857 C2:0.2080677 C3:0.977683 C4:-1.561334] [D1:0 D2:0 D3:0 D4:1]}
  nChilds: 1
  nMeshes: 0 : 


L_Index2
  transform: {[A1:0.96505 A2:-0.2620656 A3:-5.402324E-08 A4:1.473696] [B1:0.2620656 B2:0.96505 B3:-1.467036E-08 B4:9.020537E-08] [C1:5.597972E-08 C2:0 C3:1 C4:5.823505E-07] [D1:0 D2:0 D3:0 D4:1]}
  nChilds: 1
  nMeshes: 0 : 


L_Index3
  transform: {[A1:1 A2:0 A3:0 A4:1.062845] [B1:0 B2:1 B3:0 B4:1.398105E-07] [C1:0 C2:0 C3:1 C4:2.21882E-06] [D1:0 D2:0 D3:0 D4:1]}
  nChilds: 0
  nMeshes: 0 : 


L_Middle1
  transform: {[A1:0.9690996 A2:-0.2451794 A3:0.02707404 A4:4.359987] [B1:0.2459197 B2:0.9688684 B3:-0.02859249 B4:-0.0002945374] [C1:-0.01922088 C2:0.03436701 C3:0.9992245 C4:-0.3668596] [D1:0 D2:0 D3:0 D4:1]}
  nChilds: 1
  nMeshes: 0 : 


L_Middle2
  transform: {[A1:0.9605322 A2:-0.2781687 A3:7.317006E-08 A4:1.529124] [B1:0.2781686 B2:0.9605322 B3:2.118994E-08 B4:7.808847E-07] [C1:-7.617657E-08 C2:0 C3:1 C4:-3.643464E-07] [D1:0 D2:0 D3:0 D4:1]}
  nChilds: 1
  nMeshes: 0 : 


L_Middle3
  transform: {[A1:0.9977944 A2:-0.06638046 A3:-4.360284E-08 A4:1.529128] [B1:0.06638046 B2:0.9977944 B3:-5.695873E-08 B4:7.280345E-07] [C1:4.728761E-08 C2:5.393872E-08 C3:1 C4:6.761209E-07] [D1:0 D2:0 D3:0 D4:1]}
  nChilds: 0
  nMeshes: 0 : 


L_Ring1
  transform: {[A1:0.9435765 A2:-0.3231563 A3:-0.07234117 A4:4.295015] [B1:0.3304082 B2:0.9333692 B3:0.1401866 B4:-0.09474258] [C1:0.02221883 C2:-0.1561789 C3:0.9874789 C4:0.8064662] [D1:0 D2:0 D3:0 D4:1]}
  nChilds: 1
  nMeshes: 0 : 


L_Ring2
  transform: {[A1:0.9020884 A2:-0.4315515 A3:1.662163E-08 A4:1.403335] [B1:0.4315516 B2:0.9020883 B3:-3.474481E-08 B4:1.166877E-06] [C1:0 C2:3.851597E-08 C3:1 C4:-2.302163E-07] [D1:0 D2:0 D3:0 D4:1]}
  nChilds: 1
  nMeshes: 0 : 


L_Ring3
  transform: {[A1:0.9876305 A2:-0.1567988 A3:0 A4:1.388261] [B1:0.1567988 B2:0.9876305 B3:0 B4:2.13073E-07] [C1:0 C2:0 C3:1 C4:-2.239527E-07] [D1:0 D2:0 D3:0 D4:1]}
  nChilds: 0
  nMeshes: 0 : 


L_Pinky1
  transform: {[A1:0.9240731 A2:-0.3527729 A3:-0.1471062 A4:3.972678] [B1:0.3819481 B2:0.8666936 B3:0.3208705 B4:0.2234879] [C1:0.01430155 C2:-0.3526947 C3:0.9356291 C4:1.742838] [D1:0 D2:0 D3:0 D4:1]}
  nChilds: 1
  nMeshes: 0 : 


L_Pinky2
  transform: {[A1:1 A2:0 A3:0 A4:1.131793] [B1:0 B2:1 B3:0 B4:-2.161957E-06] [C1:0 C2:0 C3:1 C4:-4.035947E-08] [D1:0 D2:0 D3:0 D4:1]}
  nChilds: 1
  nMeshes: 0 : 


L_Pinky3
  transform: {[A1:0.9977193 A2:-0.06749851 A3:4.21024E-08 A4:0.8589547] [B1:0.06749852 B2:0.9977193 B3:4.937054E-08 B4:6.749063E-07] [C1:-4.533882E-08 C2:-4.641609E-08 C3:1 C4:5.440453E-07] [D1:0 D2:0 D3:0 D4:1]}
  nChilds: 0
  nMeshes: 0 : 


R_Clavicle
  transform: {[A1:-0.1541621 A2:-0.4032665 A3:-0.9020033 A4:-0.3079618] [B1:0.06794022 B2:-0.9150826 B3:0.3975022 B4:-0.7705878] [C1:-0.9857069 C2:-2.551554E-06 C3:0.1684691 C4:-1.223302] [D1:0 D2:0 D3:0 D4:1]}
  nChilds: 1
  nMeshes: 0 : 


R_UpperArm
  transform: {[A1:0.4332671 A2:0.2479957 A3:-0.8664743 A4:6.886506] [B1:-0.5211866 B2:0.8532854 B3:-0.0163905 B4:-1.058792] [C1:0.735285 C2:0.4586964 C3:0.4989525 C4:0.1888499] [D1:0 D2:0 D3:0 D4:1]}
  nChilds: 1
  nMeshes: 0 : 


R_Forearm
  transform: {[A1:0.5905356 A2:0.7989695 A3:0.1136451 A4:13.14218] [B1:-0.6501498 B2:0.3875837 B3:0.6535167 B4:9.030956E-07] [C1:0.478093 C2:-0.4598112 C3:0.748332 C4:3.160863E-06] [D1:0 D2:0 D3:0 D4:1]}
  nChilds: 1
  nMeshes: 0 : 


R_Hand
  transform: {[A1:0.9517443 A2:0.2438703 A3:-0.1863064 A4:10.82555] [B1:-0.2509841 B2:0.269169 B3:-0.9298145 B4:4.454843E-07] [C1:-0.1766063 C2:0.9317056 C3:0.3173877 C4:-7.547615E-07] [D1:0 D2:0 D3:0 D4:1]}
  nChilds: 5
  nMeshes: 0 : 


R_Thumb1
  transform: {[A1:0.6131399 A2:0.7849792 A3:-0.08869737 A4:1.625108] [B1:0.4192414 B2:-0.2281745 B3:0.8787338 B4:0.626631] [C1:0.6695492 C2:-0.5759723 C3:-0.4689987 C4:1.67876] [D1:0 D2:0 D3:0 D4:1]}
  nChilds: 1
  nMeshes: 0 : 


R_Thumb2
  transform: {[A1:0.8474699 A2:-0.5308433 A3:-2.464988E-08 A4:1.140432] [B1:0.5308433 B2:0.84747 B3:-7.189975E-08 B4:-1.382914E-06] [C1:5.905753E-08 C2:4.784765E-08 C3:1 C4:7.557244E-07] [D1:0 D2:0 D3:0 D4:1]}
  nChilds: 1
  nMeshes: 0 : 


R_Thumb3
  transform: {[A1:0.9993818 A2:-0.03515735 A3:3.853221E-08 A4:1.382469] [B1:0.03515735 B2:0.9993818 B3:1.303126E-07 B4:3.777541E-08] [C1:-4.308983E-08 C2:-1.288773E-07 C3:1 C4:-3.129971E-06] [D1:0 D2:0 D3:0 D4:1]}
  nChilds: 0
  nMeshes: 0 : 


R_Index1
  transform: {[A1:0.9991977 A2:0.002039347 A3:-0.03999493 A4:4.348744] [B1:0.006209233 B2:0.9787356 B3:0.2050318 B4:0.01625223] [C1:0.03956259 C2:-0.2051157 C3:0.9779378 C4:1.561333] [D1:0 D2:0 D3:0 D4:1]}
  nChilds: 1
  nMeshes: 0 : 


R_Index2
  transform: {[A1:0.9494349 A2:-0.3139639 A3:5.350043E-08 A4:1.473695] [B1:0.3139639 B2:0.9494349 B3:-4.843301E-08 B4:-3.317951E-06] [C1:-3.558896E-08 C2:6.27812E-08 C3:1 C4:3.016593E-07] [D1:0 D2:0 D3:0 D4:1]}
  nChilds: 1
  nMeshes: 0 : 


R_Index3
  transform: {[A1:0.973535 A2:-0.228538 A3:4.461465E-08 A4:1.062847] [B1:0.228538 B2:0.973535 B3:-9.92665E-08 B4:-7.710034E-08] [C1:-2.074776E-08 C2:1.068356E-07 C3:1 C4:-3.79915E-07] [D1:0 D2:0 D3:0 D4:1]}
  nChilds: 0
  nMeshes: 0 : 


R_Middle1
  transform: {[A1:0.9996161 A2:-0.0190344 A3:-0.02013014 A4:4.359987] [B1:0.01942156 B2:0.9996267 B3:0.01921571 B4:-0.0002935269] [C1:0.01975686 C2:-0.0195993 C3:0.9996127 C4:0.3668593] [D1:0 D2:0 D3:0 D4:1]}
  nChilds: 1
  nMeshes: 0 : 


R_Middle2
  transform: {[A1:0.9479523 A2:-0.3184122 A3:-3.177167E-08 A4:1.529123] [B1:0.3184122 B2:0.9479523 B3:-7.140728E-08 B4:-3.339341E-06] [C1:5.285498E-08 C2:5.757421E-08 C3:1 C4:2.418719E-09] [D1:0 D2:0 D3:0 D4:1]}
  nChilds: 1
  nMeshes: 0 : 


R_Middle3
  transform: {[A1:0.9980267 A2:-0.06279038 A3:-5.755607E-09 A4:1.529128] [B1:0.06279038 B2:0.9980267 B3:9.148295E-08 B4:-1.972097E-06] [C1:0 C2:-9.166383E-08 C3:1 C4:-3.193993E-07] [D1:0 D2:0 D3:0 D4:1]}
  nChilds: 0
  nMeshes: 0 : 


R_Ring1
  transform: {[A1:0.969887 A2:-0.1947052 A3:0.1463188 A4:4.295013] [B1:0.2156047 B2:0.9658108 B3:-0.1439584 B4:-0.09474118] [C1:-0.1132868 C2:0.1711704 C3:0.9787067 C4:-0.8064656] [D1:0 D2:0 D3:0 D4:1]}
  nChilds: 1
  nMeshes: 0 : 


R_Ring2
  transform: {[A1:0.8887118 A2:-0.4584664 A3:-2.426396E-08 A4:1.403335] [B1:0.4584664 B2:0.8887118 B3:-1.251723E-08 B4:3.562387E-06] [C1:2.730239E-08 C2:0 C3:1 C4:8.685101E-07] [D1:0 D2:0 D3:0 D4:1]}
  nChilds: 1
  nMeshes: 0 : 


R_Ring3
  transform: {[A1:0.9741932 A2:-0.2257159 A3:6.842707E-09 A4:1.388261] [B1:0.2257159 B2:0.9741932 B3:-2.953322E-08 B4:-2.602508E-07] [C1:0 C2:3.031557E-08 C3:1 C4:1.203573E-07] [D1:0 D2:0 D3:0 D4:1]}
  nChilds: 0
  nMeshes: 0 : 


R_Pinky1
  transform: {[A1:0.9109713 A2:-0.335024 A3:0.2406038 A4:3.972679] [B1:0.402864 B2:0.8478505 B3:-0.3447465 B4:0.223487] [C1:-0.08849768 C2:0.4109848 C3:0.9073366 C4:-1.742838] [D1:0 D2:0 D3:0 D4:1]}
  nChilds: 1
  nMeshes: 0 : 


R_Pinky2
  transform: {[A1:0.9280432 A2:-0.3724724 A3:8.364694E-09 A4:1.131793] [B1:0.3724724 B2:0.9280432 B3:-2.084127E-08 B4:-4.572154E-06] [C1:0 C2:2.245722E-08 C3:1 C4:-2.5465E-07] [D1:0 D2:0 D3:0 D4:1]}
  nChilds: 1
  nMeshes: 0 : 


R_Pinky3
  transform: {[A1:0.9949527 A2:-0.1003439 A3:0 A4:0.8589529] [B1:0.1003439 B2:0.9949528 B3:0 B4:-2.683765E-06] [C1:0 C2:0 C3:1 C4:3.093156E-07] [D1:0 D2:0 D3:0 D4:1]}
  nChilds: 0
  nMeshes: 0 : 


L_Thigh1
  transform: {[A1:-0.8373682 A2:0.5355021 A3:-0.1097813 A4:-3.769306] [B1:0.4734667 B2:0.8108768 B3:0.3439595 B4:-0.3552378] [C1:0.2732101 C2:0.2360429 C3:-0.9325449 C4:3.495145] [D1:0 D2:0 D3:0 D4:1]}
  nChilds: 1
  nMeshes: 0 : 


L_Knee2
  transform: {[A1:0.9132802 A2:0.4004757 A3:-0.07442088 A4:18.25719] [B1:-0.4072207 B2:0.9019309 B3:-0.1438469 B4:-6.126899E-07] [C1:0.00951533 C2:0.1616782 C3:0.9867976 C4:1.202236E-06] [D1:0 D2:0 D3:0 D4:1]}
  nChilds: 1
  nMeshes: 0 : 


L_Ankle1
  transform: {[A1:0.9907195 A2:-0.1322905 A3:-0.03120804 A4:15.428] [B1:0.1341637 B2:0.988589 B3:0.06849656 B4:-1.324292E-07] [C1:0.02179048 C2:-0.07204785 C3:0.9971631 C4:3.407723E-07] [D1:0 D2:0 D3:0 D4:1]}
  nChilds: 1
  nMeshes: 0 : 


L_Ball
  transform: {[A1:-0.2519794 A2:-0.9677327 A3:1.006811E-07 A4:5.250221] [B1:0.9677326 B2:-0.2519795 B3:-3.444021E-08 B4:6.273849] [C1:5.869849E-08 C2:8.875418E-08 C3:1 C4:-7.130638E-07] [D1:0 D2:0 D3:0 D4:1]}
  nChilds: 0
  nMeshes: 0 : 


R_Thigh
  transform: {[A1:-0.9969418 A2:-0.02662017 A3:-0.07347378 A4:-3.769306] [B1:-0.01595803 B2:0.9897296 B3:-0.1420581 B4:-0.3552184] [C1:0.07650079 C2:-0.1404512 C3:-0.9871277 C4:-3.495146] [D1:0 D2:0 D3:0 D4:1]}
  nChilds: 1
  nMeshes: 0 : 


R_Knee
  transform: {[A1:0.8515834 A2:0.520617 A3:-0.06134892 A4:18.25719] [B1:-0.5171807 B2:0.8534895 B3:0.06387443 B4:-1.206932E-06] [C1:0.08561476 C2:-0.02266593 C3:0.9960704 C4:-1.281466E-06] [D1:0 D2:0 D3:0 D4:1]}
  nChilds: 1
  nMeshes: 0 : 


R_Ankle
  transform: {[A1:0.9053337 A2:-0.4217915 A3:0.049625 A4:15.428] [B1:0.4241799 B2:0.9038144 B3:-0.05648805 B4:1.896559E-07] [C1:-0.02102561 C2:0.07219046 C3:0.9971692 C4:5.168805E-07] [D1:0 D2:0 D3:0 D4:1]}
  nChilds: 1
  nMeshes: 0 : 


R_Ball
  transform: {[A1:-0.2519792 A2:-0.9677328 A3:1.769216E-08 A4:5.250221] [B1:0.9677327 B2:-0.2519792 B3:4.606703E-09 B4:6.273853] [C1:0 C2:1.828208E-08 C3:1 C4:-4.150154E-07] [D1:0 D2:0 D3:0 D4:1]}
  nChilds: 0
  nMeshes: 0 : 


him
  transform: {[A1:1 A2:0 A3:0 A4:0] [B1:0 B2:1 B3:0 B4:0] [C1:0 C2:0 C3:1 C4:0] [D1:0 D2:0 D3:0 D4:1]}
  nChilds: 0
  nMeshes: 5 : #0 #1 #2 #3 #4 



==== Materials ====


Material #0 name: character_anim:headM
  Texture Diffuse ..\head.tga  
  Texture Specular ..\..\..\..\..\..\..\..\Program Files (x86)\Autodesk\FBX\FBX Converter\2013.3\samples\headS.tga  
  Texture Height ..\..\..\..\..\..\..\..\Program Files (x86)\Autodesk\FBX\FBX Converter\2013.3\samples\headN.tga  
Material #1 name: character_anim:jacketM
  Texture Diffuse ..\jacket.tga  
  Texture Specular ..\..\..\..\..\..\..\..\Program Files (x86)\Autodesk\FBX\FBX Converter\2013.3\samples\jacketS.tga  
  Texture Height ..\..\..\..\..\..\..\..\Program Files (x86)\Autodesk\FBX\FBX Converter\2013.3\samples\jacketN.tga  
Material #2 name: character_anim:pantsM
  Texture Diffuse ..\pants.tga  
  Texture Specular ..\..\..\..\..\..\..\..\Program Files (x86)\Autodesk\FBX\FBX Converter\2013.3\samples\pantsS.tga  
  Texture Height ..\..\..\..\..\..\..\..\Program Files (x86)\Autodesk\FBX\FBX Converter\2013.3\samples\pantsN.tga  
Material #3 name: character_anim:upBodyM
  Texture Diffuse ..\upBodyC.tga  
  Texture Specular ..\..\..\..\..\..\..\..\Program Files (x86)\Autodesk\FBX\FBX Converter\2013.3\samples\upBodyS.tga  
  Texture Height ..\..\..\..\..\..\..\..\Program Files (x86)\Autodesk\FBX\FBX Converter\2013.3\samples\upbodyN.tga  
Material #4 name: character_anim:eyeBallM
  Texture Diffuse ..\upBodyC.tga  
  Texture Specular ..\..\..\..\..\..\..\..\Program Files (x86)\Autodesk\FBX\FBX Converter\2013.3\samples\upBodyS.tga  
  Texture Height ..\..\..\..\..\..\..\..\Program Files (x86)\Autodesk\FBX\FBX Converter\2013.3\samples\upbodyN.tga  

==== Meshes ====


Mesh #0 name: 
  vertices: 3847
  normals: 3847
  faces: 7230
  uv:
    type: 2D
    elements: 3847
    type: 2D
    elements: 3847
    type: 2D
    elements: 3847
  vertexColorChannelCount: 0
  bones: 11
Mesh #1 name: 
  vertices: 2856
  normals: 2856
  faces: 4448
  uv:
    type: 2D
    elements: 2856
    type: 2D
    elements: 2856
    type: 2D
    elements: 2856
  vertexColorChannelCount: 0
  bones: 20
Mesh #2 name: 
  vertices: 3876
  normals: 3876
  faces: 6575
  uv:
    type: 2D
    elements: 3876
    type: 2D
    elements: 3876
    type: 2D
    elements: 3876
  vertexColorChannelCount: 0
  bones: 17
Mesh #3 name: 
  vertices: 2273
  normals: 2273
  faces: 3806
  uv:
    type: 2D
    elements: 2273
    type: 2D
    elements: 2273
    type: 2D
    elements: 2273
  vertexColorChannelCount: 0
  bones: 54
Mesh #4 name: 
  vertices: 274
  normals: 274
  faces: 442
  uv:
    type: 2D
    elements: 274
    type: 2D
    elements: 274
    type: 2D
    elements: 274
  vertexColorChannelCount: 0
  bones: 2

==== Anim data ====


Anim #0 #Take 001
  Duration: 29 / 24 sec.
  Node Channels: 54
  Channel Head
    Position Keys: 1
    Rotation Keys: 36
    Scaling  Keys: 36
  Channel L_Ankle1
    Position Keys: 40
    Rotation Keys: 40
    Scaling  Keys: 40
  Channel L_Ball
    Position Keys: 36
    Rotation Keys: 1
    Scaling  Keys: 1
  Channel L_Forearm
    Position Keys: 1
    Rotation Keys: 31
    Scaling  Keys: 31
  Channel L_Hand
    Position Keys: 1
    Rotation Keys: 3
    Scaling  Keys: 3
  Channel L_Index1
    Position Keys: 1
    Rotation Keys: 2
    Scaling  Keys: 2
  Channel L_Index2
    Position Keys: 38
    Rotation Keys: 38
    Scaling  Keys: 38
  Channel L_Index3
    Position Keys: 38
    Rotation Keys: 1
    Scaling  Keys: 1
  Channel L_Knee2
    Position Keys: 42
    Rotation Keys: 42
    Scaling  Keys: 42
  Channel L_Middle1
    Position Keys: 31
    Rotation Keys: 31
    Scaling  Keys: 31
  Channel L_Middle2
    Position Keys: 38
    Rotation Keys: 38
    Scaling  Keys: 38
  Channel L_Middle3
    Position Keys: 38
    Rotation Keys: 1
    Scaling  Keys: 1
  Channel L_Pinky1
    Position Keys: 1
    Rotation Keys: 1
    Scaling  Keys: 1
  Channel L_Pinky2
    Position Keys: 38
    Rotation Keys: 1
    Scaling  Keys: 1
  Channel L_Pinky3
    Position Keys: 38
    Rotation Keys: 1
    Scaling  Keys: 1
  Channel L_Ring1
    Position Keys: 1
    Rotation Keys: 2
    Scaling  Keys: 2
  Channel L_Ring2
    Position Keys: 38
    Rotation Keys: 1
    Scaling  Keys: 1
  Channel L_Ring3
    Position Keys: 38
    Rotation Keys: 1
    Scaling  Keys: 1
  Channel L_Thigh1
    Position Keys: 1
    Rotation Keys: 38
    Scaling  Keys: 38
  Channel L_Thumb1
    Position Keys: 1
    Rotation Keys: 2
    Scaling  Keys: 2
  Channel L_Thumb2
    Position Keys: 38
    Rotation Keys: 1
    Scaling  Keys: 1
  Channel L_Thumb3
    Position Keys: 38
    Rotation Keys: 38
    Scaling  Keys: 38
  Channel L_UpperArm
    Position Keys: 36
    Rotation Keys: 36
    Scaling  Keys: 36
  Channel L_eyeBall_joint2
    Position Keys: 1
    Rotation Keys: 8
    Scaling  Keys: 1
  Channel L_eye_joint1_$AssimpFbx$_Rotation
    Position Keys: 1
    Rotation Keys: 6
    Scaling  Keys: 1
  Channel Neck
    Position Keys: 1
    Rotation Keys: 36
    Scaling  Keys: 36
  Channel Pelvis
    Position Keys: 38
    Rotation Keys: 38
    Scaling  Keys: 38
  Channel R_Ankle
    Position Keys: 38
    Rotation Keys: 38
    Scaling  Keys: 38
  Channel R_Ball
    Position Keys: 38
    Rotation Keys: 38
    Scaling  Keys: 38
  Channel R_Forearm
    Position Keys: 36
    Rotation Keys: 36
    Scaling  Keys: 36
  Channel R_Hand
    Position Keys: 38
    Rotation Keys: 38
    Scaling  Keys: 38
  Channel R_Index1
    Position Keys: 1
    Rotation Keys: 3
    Scaling  Keys: 3
  Channel R_Index2
    Position Keys: 39
    Rotation Keys: 1
    Scaling  Keys: 1
  Channel R_Index3
    Position Keys: 39
    Rotation Keys: 1
    Scaling  Keys: 1
  Channel R_Knee
    Position Keys: 43
    Rotation Keys: 43
    Scaling  Keys: 43
  Channel R_Middle1
    Position Keys: 30
    Rotation Keys: 30
    Scaling  Keys: 30
  Channel R_Middle2
    Position Keys: 39
    Rotation Keys: 1
    Scaling  Keys: 1
  Channel R_Middle3
    Position Keys: 39
    Rotation Keys: 1
    Scaling  Keys: 1
  Channel R_Pinky1
    Position Keys: 1
    Rotation Keys: 3
    Scaling  Keys: 3
  Channel R_Pinky2
    Position Keys: 39
    Rotation Keys: 1
    Scaling  Keys: 1
  Channel R_Pinky3
    Position Keys: 39
    Rotation Keys: 1
    Scaling  Keys: 1
  Channel R_Ring1
    Position Keys: 1
    Rotation Keys: 3
    Scaling  Keys: 3
  Channel R_Ring2
    Position Keys: 41
    Rotation Keys: 1
    Scaling  Keys: 1
  Channel R_Ring3
    Position Keys: 39
    Rotation Keys: 1
    Scaling  Keys: 1
  Channel R_Thigh
    Position Keys: 1
    Rotation Keys: 36
    Scaling  Keys: 36
  Channel R_Thumb1
    Position Keys: 1
    Rotation Keys: 3
    Scaling  Keys: 1
  Channel R_Thumb2
    Position Keys: 41
    Rotation Keys: 1
    Scaling  Keys: 1
  Channel R_Thumb3
    Position Keys: 41
    Rotation Keys: 41
    Scaling  Keys: 41
  Channel R_UpperArm
    Position Keys: 36
    Rotation Keys: 36
    Scaling  Keys: 36
  Channel R_eyeBall_joint
    Position Keys: 1
    Rotation Keys: 8
    Scaling  Keys: 1
  Channel R_eye_joint_$AssimpFbx$_Rotation
    Position Keys: 1
    Rotation Keys: 6
    Scaling  Keys: 1
  Channel Spine1
    Position Keys: 1
    Rotation Keys: 36
    Scaling  Keys: 36
  Channel Spine2
    Position Keys: 1
    Rotation Keys: 36
    Scaling  Keys: 36
  Channel Spine3
    Position Keys: 1
    Rotation Keys: 36
    Scaling  Keys: 36
